8565	127
3197	-421
6573	-139
2493	849
8077	-749
5593	-289
9361	-1087
3973	195
1	109
4233	177
7081	217
8121	345
5081	-419
9913	967
1813	-789
9025	559
9829	71
1393	965
9029	1209
6229	-573
3949	-537
3165	59
6593	169
801	831
5229	13
3449	-1267
6605	-1057
4089	2107
93	-465
4657	-411
2325	-1923
7845	621
3789	-719
7757	-1587
5653	115
6693	-943
6613	613
453	283
7321	-593
8929	-429
9177	215
1005	1093
7213	149
7189	1463
1297	-247
5181	73
8997	503
8725	-403
2657	-335
2909	-551
1749	-561
7833	1205
5601	-97
7553	-1119
5385	317
1017	593
8989	-517
4853	-131
9413	271
5877	-307
7329	91
9549	-61
3169	-91
1225	153
8049	181
2133	1263
8945	-1501
8905	-877
8325	115
3901	409
2293	611
5329	101
961	-319
9005	-259
1405	-19
5721	1333
6865	-519
2205	809
417	303
8285	-1371
4661	1589
3957	-283
685	-1031
8189	1825
1565	-533
8537	-17
3497	695
4901	-1287
8041	1347
1013	807
5533	-1143
2017	-155
6337	-1345
8433	-549
4173	-2127
4381	19
2613	-113
2837	-265
2581	629
1157	503
2281	295
1369	-163
2653	-671
393	-541
8473	479
7521	597
4625	-273
8861	-655
6233	-577
6321	-625
6837	-1749
5553	243
4061	1121
197	1197
4477	-557
177	1383
2985	453
4253	-673
3653	561
6969	963
9869	245
9941	155
4525	-379
1481	-1037
4641	-645
7645	-703
3569	-493
5341	-1141
4585	865
4153	605
2829	943
4449	863
305	257
8169	1131
5065	-635
173	-291
821	-589
3541	223
8857	-243
5073	275
7537	-409
9777	-689
7229	169
4541	605
6409	-287
4637	-141
7849	1989
3133	-2145
4289	-53
1981	43
3529	-429
4305	-809
1133	1629
5249	-17
9561	-215
3337	1119
3685	-949
3073	137
3713	-457
2321	217
2497	897
209	-1103
129	-519
5401	-407
4697	941
5957	-705
4949	477
3549	165
6369	769
4705	-11
3137	-1027
6205	35
6909	-637
2629	2083
5217	-59
6061	285
981	511
7501	-779
8497	-259
217	57
3029	-739
7461	-969
5961	353
9121	865
8841	873
2697	323
4205	-575
7393	281
2053	-655
8609	-1371
8321	453
897	1905
165	-635
2749	33
1365	-241
2717	2219
4821	445
3793	123
6861	715
6005	-1123
9613	-215
6249	935
3857	777
8269	-431
9989	387
2245	325
633	-1641
7629	829
9717	-703
7349	261
3785	605
2689	-617
5285	273
8485	2053
5025	367
7789	1049
3345	-237
8161	545
5421	61
4217	-703
8093	251
3873	209
9037	-1071
3321	-1329
8681	1229
5033	363
6781	907
6677	173
2673	-529
8889	267
9053	187
2885	723
6965	481
1569	-743
5857	-263
6401	995
805	-1265
1821	101
5153	223
6057	-1171
5213	997
3053	-1245
6929	-631
6689	75
913	7
8677	1957
9193	-1613
1785	-1635
6617	-1379
1141	-1339
5117	-403
969	565
4421	-821
9253	-1043
7285	-851
145	65
1549	-1217
2149	1333
4521	1123
9185	-1153
8381	-1581
4569	-1261
7133	1173
2449	-631
2789	-625
7837	-845
5837	-195
6713	631
7673	877
8689	-33
1381	-235
1713	1955
4105	639
2533	-191
4777	-637
2301	-887
8893	173
8573	479
9241	909
3573	1057
4309	667
45	-279
3797	-271
7157	261
9681	-2241
9741	1801
4649	-375
1457	91
5665	443
9889	467
2557	-1103
4365	-79
853	1043
6477	1007
9645	97
1781	-19
281	203
4257	719
9113	503
7117	-1579
1285	483
7173	-941
1701	127
4349	371
1841	1323
6581	175
6877	139
2941	957
493	-309
1637	-993
1753	1397
4573	-439
8849	-915
2901	557
4977	1919
7925	-1281
8501	-165
7053	801
2073	471
6825	69
3837	129
4145	-239
4645	765
6181	-1547
8769	-857
1501	155
4457	-551
5605	-1469
9197	629
3753	-1829
2785	823
17	411
3577	-1961
5277	-503
4077	955
5453	251
6269	1403
3893	-671
5697	-861
1889	-347
6953	347
77	1607
7369	-127
7301	677
2693	-505
7853	603
3693	669
3725	1149
7697	1049
5569	-1565
8949	-397
3385	-793
9997	463
1425	413
8017	887
6509	-247
3981	261
9409	-765
8249	765
4033	-153
4809	-183
8377	-1025
8493	-587
6933	2013
3341	-113
9345	-833
8909	105
6537	225
1833	-105
4101	-67
4557	-687
3593	881
6789	361
8749	-1321
3505	399
4633	619
9845	-771
6185	-671
3705	-301
8445	569
4517	1461
8777	735
7589	1307
4857	-677
5425	1087
9397	395
469	-415
6193	923
4789	881
4241	-625
3249	-1153
8717	-1337
3585	-119
4429	703
8261	-41
1037	645
3441	233
6373	545
9757	291
7993	-321
2197	-645
6305	-1165
5685	283
193	521
5709	439
6817	251
5737	651
8993	729
7057	-1187
5921	1793
9385	-1029
2433	1495
2441	1065
3305	211
9537	1393
6757	59
3185	-711
9745	945
6049	-457
5061	1339
6669	-809
9473	209
7073	969
9365	-129
773	-779
7601	273
3057	143
3021	-305
2041	901
5501	-771
5113	915
1729	339
53	495
3501	311
2257	-779
3521	535
1789	1261
3401	643
6601	43
8113	-507
69	561
1081	489
8585	405
7417	-945
4109	1325
5313	-1039
5209	1079
757	-1009
477	-429
2001	-3243
8205	-1671
7813	503
1121	259
8729	-785
925	897
9497	-297
6517	255
2057	201
3173	-815
3557	485
4141	641
6813	-501
2777	-397
4117	-581
4385	-685
4229	379
9513	-1259
7965	581
4301	-235
2241	119
4953	-1381
7893	1497
3329	597
3881	-997
9117	615
4057	-7
2945	309
5873	-469
9449	-1335
361	1929
8649	-353
7405	5
9785	-19
2181	-173
881	-1381
4029	953
9909	1117
4193	1065
9337	-185
1685	501
1449	761
4813	-387
6661	-663
9225	947
2877	-1477
8245	-607
1441	1495
8661	-483
1061	1185
1045	65
681	1017
945	-341
7793	743
2385	-411
1893	-391
2981	849
3597	1475
3657	-17
6393	1019
7385	-491
8097	-757
2037	-489
8293	-285
3037	579
3369	-211
3269	-1157
4045	1189
3945	845
9661	-1565
8001	-1245
2593	-423
4865	-469
8937	-1027
4137	-1285
3297	-153
7241	1033
7217	-343
7085	-833
5925	643
8297	151
6917	-1111
9769	-3
5357	-1769
9061	513
1629	-145
8313	-7
9501	1347
997	629
2085	-49
3697	315
3965	2377
3765	-177
5705	-769
4441	-463
4713	215
6849	191
3081	211
2925	871
5541	-211
1489	-847
4689	43
9969	1061
8521	-205
7513	-13
4273	-111
7341	-367
669	-369
101	-501
8845	1183
3833	-675
6845	1123
3917	-741
289	411
7941	987
2489	-2583
3377	141
3961	-329
6405	207
3093	-487
6293	-175
9149	-505
7529	-123
2065	-265
5105	-901
9509	617
2977	-951
7401	-717
7549	-609
2861	183
41	-411
409	-101
7469	251
8761	-495
8481	795
6525	217
5077	1235
5165	-215
8033	-849
9489	1653
2521	-1235
1965	-249
2201	2187
7141	-341
1613	91
877	-803
6189	1251
8081	-421
425	205
3773	379
2525	275
5041	-409
6117	-287
4529	-35
2237	303
4013	-983
8629	-1239
6705	1237
6801	-961
8865	751
9649	-717
3361	-401
133	-399
4769	-153
8785	263
9733	629
5773	829
485	-749
5389	-237
6101	-363
3265	-447
2253	-367
7373	597
8805	-559
1249	-863
9917	1587
6733	-81
3333	465
6685	-565
9945	-501
4893	415
8821	1709
4337	-293
8265	1621
3621	841
2573	-799
1661	-631
5537	-1815
3229	1269
2405	-259
2869	437
4281	523
9049	1465
2305	1695
5001	-887
9217	57
321	-805
577	415
6741	205
1973	1173
6065	809
2081	-819
5973	385
3869	-119
2517	-81
1165	341
1029	1689
1677	371
2605	-399
2929	-281
8177	-13
1689	389
1961	-2175
6501	657
5481	13
1125	-879
1049	-999
3177	-1085
6413	-1361
4773	105
8453	401
1825	-395
6077	1895
1509	-881
2413	-351
3253	403
9	935
6565	-785
2865	727
6921	-1653
6577	-547
3461	-1237
4745	517
1229	-1663
6221	-101
3805	-887
7545	243
397	863
6829	415
4465	639
5293	-635
7717	-421
4933	-567
2101	1053
4201	-41
7013	579
6309	393
2649	1323
8345	99
6797	-865
869	-21
3049	-421
3641	1015
8529	865
6561	431
5053	-1997
5629	209
6981	207
6701	-523
6941	-1237
9545	1359
3201	-577
7633	181
9593	303
7377	449
6461	433
5813	279
7017	877
2529	691
7725	1071
8277	655
6521	941
5365	1255
1673	1185
5949	1031
1849	-325
8221	569
4985	177
8581	-189
6417	-893
4237	761
8741	127
2069	1259
7701	-547
1605	-627
6777	591
8653	39
8225	99
9157	-1787
7101	-479
1853	407
3025	-361
3285	-249
5789	195
7653	385
1537	-1
8625	2745
1321	329
1177	-51
1697	-55
2461	335
5049	419
3217	-35
4629	-97
285	2073
5669	409
1733	-491
569	-677
689	203
9493	-1301
1077	-223
9453	185
1257	201
2737	-425
965	77
7805	241
5441	-917
829	-567
3281	523
8837	177
3373	-731
9389	-819
3033	479
7193	-755
4213	-425
9325	459
9329	-517
9273	-883
1777	1343
1581	443
7641	-957
8925	63
1561	1241
5677	847
7333	151
7913	309
9521	-1231
8557	1625
769	319
9105	-41
2033	-765
7961	-587
3113	475
933	93
8229	1191
957	677
1793	-687
3437	-177
4469	345
5701	-195
1609	-1453
9073	-445
509	-749
2665	-993
7681	-695
9189	735
3009	-563
4593	285
9857	55
8781	33
3129	35
6441	-37
7981	105
8753	-2131
809	89
9597	-1331
6785	-1711
841	-2627
3273	1763
5937	365
4397	165
6093	-1847
29	711
6009	-321
6053	999
4249	-695
1817	423
8773	-747
5125	-1031
1101	-63
9657	-825
3097	1705
8137	1241
9317	515
2473	-67
2169	-369
1129	231
4437	-713
3309	1449
2585	-1263
6421	725
5405	463
5849	-727
5989	-673
4957	-35
3609	157
3897	-17
5761	-545
8693	5
6437	-1657
2761	-1275
1057	-19
3929	-783
9725	1369
9729	-651
1857	-7
5613	187
2705	-1313
353	213
6081	465
2129	-285
2873	-1193
6209	-563
1349	645
8305	1223
941	-71
5157	377
7337	343
1341	-1019
1197	233
8213	-59
3817	-155
5397	223
4665	555
2217	-2225
1461	1051
8201	-213
4313	-849
673	239
253	-605
1897	-529
4185	-339
4609	273
2813	-533
5281	675
2477	297
5633	1051
7885	-335
6317	-373
8329	-415
1189	477
1577	31
9689	233
8541	187
825	-277
6201	-967
8341	-237
3813	165
5369	-419
13	-1091
3649	219
9705	1195
7077	-901
2105	-531
2349	-1149
6633	-537
2765	-627
2553	1071
5361	-295
901	-107
1465	-977
7293	779
9293	-1779
4533	1385
7493	-603
8317	-1245
5261	-597
5953	-209
5997	-1837
2277	-789
61	-35
7445	-845
6313	295
4681	1039
97	31
3193	1581
8549	-147
9401	-1085
777	-733
5749	-179
7761	-2477
8157	-763
1137	571
1757	417
6569	-483
7669	-681
365	867
2313	-571
7605	-295
6641	-799
8801	565
2677	-1045
8709	903
2957	-657
3433	349
7749	1133
5865	-679
6609	879
1329	1463
1073	-1321
9565	-43
201	-763
6085	-77
5625	1609
7985	-1719
6129	737
1097	267
9173	-241
781	359
1885	-465
2973	-171
7873	-105
6113	505
6937	-369
1409	-85
1261	81
5637	-1311
3937	339
3721	439
5141	-63
5933	-391
3701	-43
7989	-1091
1069	-379
2617	1441
6997	775
6725	-1137
7957	757
6657	-821
2685	1165
381	-425
3421	-193
81	735
1241	635
8789	335
7933	-11
2805	-79
2597	241
649	-679
8193	189
5981	381
7733	1161
505	-71
5573	1011
2421	929
3001	-167
7345	129
7901	763
9929	-93
7197	625
1433	483
2333	-549
8613	337
8237	179
4353	-63
329	1203
5465	1267
9021	-971
237	633
3245	563
7361	-15
3861	191
8593	1375
7037	149
4493	587
5289	-1061
7089	195
7137	-425
5177	-41
437	-529
2565	-337
2905	1787
2173	1613
8149	723
5661	953
7929	617
6729	-2069
7145	671
3777	-11
597	407
5109	-927
6805	-319
277	-779
8129	-89
7557	1419
4393	-97
1797	1269
737	1199
333	-95
7689	1299
8553	-857
845	163
2221	159
4617	-1817
3157	325
7449	525
705	359
797	-591
5257	-961
2401	75
1745	297
5549	769
785	1149
3613	-111
5977	-1139
7357	-41
2725	-951
4561	1159
7657	7
2741	805
7829	603
7949	1417
6625	-453
7797	179
8389	-433
8449	909
3089	1035
7881	-65
4917	1201
7505	-103
8105	-785
385	-1335
7541	-511
2345	37
5589	567
1493	-833
3561	277
4113	697
6433	-981
5221	781
7561	135
7205	67
9209	-819
5829	-461
5769	-143
9017	-145
3601	-1229
6389	157
3453	-447
4997	315
7773	-1573
3769	-421
4785	-501
2745	567
5005	3
2357	-643
6173	1335
749	643
5477	133
1277	659
1421	425
7125	5
9441	-59
9421	217
3781	153
473	-259
2549	1049
5101	655
8441	765
185	1433
7309	619
2437	1423
8941	-269
4981	-555
309	917
6361	735
6961	1559
1881	-865
3005	607
7517	1565
2969	-397
3565	-1043
113	317
2225	433
3905	59
4329	439
5093	517
5317	969
5485	-91
8349	-163
5649	-249
525	-169
8933	-1095
413	-1013
2029	-469
5833	1287
6073	-1327
5377	609
8413	919
2965	-709
7473	603
1765	1105
5085	535
5381	1011
6949	705
5097	-753
2469	999
4321	-903
3313	1337
9841	323
1193	2065
49	-367
7237	-629
2249	455
693	-933
2341	81
6445	-863
7289	-621
4861	-165
4417	963
4181	-279
7225	741
4873	-761
9669	-137
1161	-1831
1941	567
6765	-1159
7265	1125
8765	5
5013	855
2849	167
8705	425
889	-587
9205	-471
2125	-95
6069	185
1469	-195
141	1041
6493	93
1113	1059
2177	-1301
4277	177
4717	839
917	-893
7233	1179
6449	1859
4473	439
5045	-447
4189	-265
9949	-631
593	203
6485	181
2833	-519
4265	785
6025	-171
2157	537
105	737
157	431
9101	447
9753	-755
7201	1
2589	-201
5297	-463
3069	803
725	331
2817	215
9045	859
657	1339
6285	951
9693	821
7649	1525
837	153
8197	-1589
9321	731
9805	-389
4461	-149
9069	-1853
7129	-693
3349	1185
6901	-453
1361	-477
6489	-1225
9393	-397
8085	-63
1309	-271
5561	499
6169	-987
8877	49
1993	585
4373	1183
6377	-37
3485	-31
7593	909
5489	55
465	483
9001	-1019
7069	-209
8917	121
7625	-1495
2285	-1433
4021	-955
9853	-869
6853	-645
3757	1373
6665	-45
1929	1217
1593	2467
2841	477
7909	-1329
7045	-95
2821	713
1093	259
6353	-1281
4317	-37
5305	525
6885	-957
6553	251
521	13
4149	-253
8601	381
7777	89
5777	2201
9801	-737
6217	-219
2353	-77
3525	1131
