7410	351
3066	653
6754	-737
4374	-1047
5354	-597
1894	-15
8074	-751
466	1125
2958	-709
5814	-1673
4310	-1123
6270	-267
1466	127
7918	-761
2506	-103
8078	-501
2594	-811
1830	653
7886	-441
2346	-269
1630	1457
6538	583
2602	-469
6006	-519
2938	1129
558	-1007
1150	487
7394	-301
6450	-315
9154	333
1310	231
2718	281
3118	-743
1158	979
7134	-493
8386	135
1670	-5
8238	249
1098	2013
266	35
2618	167
4106	271
2974	-1475
9530	-501
2790	1509
1678	605
3490	11
4534	133
326	397
2034	-559
6498	-103
9618	1163
4306	217
6710	377
2198	1133
8426	601
3910	695
2070	-1043
7446	885
1674	225
4682	-165
2398	-557
9278	231
5394	187
7558	243
150	-1499
5082	-555
6726	995
8958	-1525
7146	125
406	-621
4406	-967
162	167
6414	967
1850	-801
4198	249
6478	-477
1218	23
9822	321
7074	989
6722	621
994	-881
166	281
4258	-1973
3602	-1317
1710	2105
1014	1045
9106	1163
8030	-1043
6850	-303
9838	-659
6970	1259
498	499
7742	-201
306	195
2206	113
282	1035
3870	-477
7770	389
5534	-1043
5186	763
7438	-1067
770	-17
9802	-397
3678	-423
362	5
862	-503
4598	531
6066	689
7246	-1385
1290	661
7494	-57
9654	227
694	289
4602	737
922	29
1126	-1435
3470	-641
1050	785
4986	221
3554	329
8474	-113
7670	365
42	-1131
8594	811
1730	943
8310	-123
3930	-539
4830	-369
8658	-755
3946	121
7374	-419
7806	-505
2322	203
8018	1627
6246	-33
9230	291
7274	377
4590	863
3790	-741
2030	-19
7238	523
1858	-1471
7142	-267
2750	221
9222	805
4802	-365
482	-29
2906	-795
9270	-1341
2550	-943
2586	-461
4542	869
3186	355
9406	31
850	-1127
9902	239
1070	-435
1294	-91
9810	621
5910	975
5074	-1139
6302	-989
8734	-77
846	1711
858	153
2338	977
658	311
6770	-781
738	-725
9642	1719
2818	-1065
958	-853
6490	-313
7638	655
7662	-1229
5146	-1125
8010	-615
6254	517
9362	-1645
2802	-305
5614	963
9382	57
7698	35
8282	-175
9970	1985
6646	-199
2326	43
8210	-1113
7750	2099
1326	477
6666	869
6922	1047
5494	785
9254	319
3474	497
8318	-555
1370	-1355
9578	1111
618	769
7378	233
3762	271
4998	-501
5870	-195
5750	-87
3466	371
5270	2049
8054	297
3010	359
5462	-1223
1802	-323
4166	213
2170	-437
9650	41
2386	395
5974	219
9674	-421
418	561
6438	-1003
6990	-61
9218	1057
1214	39
4342	2591
1618	-471
1722	325
2918	-109
614	-199
3062	1995
8042	-209
4170	279
6650	-175
5322	-323
6462	733
370	1115
4838	-61
62	-1339
9678	125
1718	213
86	261
6058	-469
1450	-361
5758	-1781
1234	339
2538	-41
5278	-113
9318	367
8730	249
5502	201
6542	-545
7674	-885
8002	-37
3046	-811
358	-267
978	1955
1890	351
2446	-53
8826	1563
7170	-109
4346	-681
9094	93
9718	187
3346	329
2058	1591
3906	-1429
6050	1103
5982	-581
3982	1171
2722	833
642	-43
3366	-1425
2154	-159
7830	-921
3162	-1171
6242	-379
778	-1051
1426	-129
1786	-1355
2498	-1739
4718	1449
9034	677
7522	217
986	-453
5046	-1739
4006	1165
8566	-255
9670	249
2486	275
8150	207
2362	-607
3746	-311
5946	-69
1246	813
3130	1207
2202	669
2814	-1921
366	-749
4694	-767
8954	-113
5962	489
5286	93
5094	-79
8902	407
3302	7
8946	-1181
842	-461
9014	-597
6758	783
1782	-119
5894	357
4362	153
4994	-493
6706	-349
8090	-941
9754	595
1862	909
1062	-609
7946	-1075
3350	-545
7766	263
8374	-1127
9594	19
2370	-473
3886	-567
7442	763
2798	-263
9030	73
1966	71
7174	-1375
854	1537
3606	1733
5182	177
8346	-409
7118	-895
3422	-197
6790	53
9050	-977
9090	321
430	1427
6954	637
2130	793
9734	981
1030	-253
5042	-657
6018	295
9882	-1255
8230	57
2462	85
8138	823
9706	1057
4394	311
4386	-355
4678	329
3666	-561
8538	935
2622	215
5994	-431
4790	-2025
5398	-49
786	1241
9470	-557
8970	-281
5098	771
2374	-583
5726	213
9490	-233
9066	-1361
7682	-1783
798	-489
7574	1061
9190	-19
3322	-935
9714	287
9622	-35
1266	43
4510	1079
726	695
1766	-981
6530	63
1298	567
4230	213
1258	-401
8102	803
5330	999
1686	-181
9058	633
7858	217
190	163
3458	53
4806	1009
4862	-723
9658	1785
1306	69
6878	1033
6678	65
3898	-861
4818	-551
1534	133
6294	895
4782	309
9794	-233
3778	935
9518	-357
4622	373
9390	803
4502	-1003
4698	-1805
6150	-549
4102	-1317
9982	183
9666	-495
2350	-1485
6558	407
7866	171
8926	889
6610	-541
9610	543
4854	1195
7242	-1559
1342	-245
3406	-483
5658	-1719
2318	-1003
4546	193
6458	5
9130	-229
3694	691
4858	-91
258	87
1286	-521
8414	841
2314	241
5130	-765
2966	1407
4702	-1053
3934	-777
826	-423
550	-689
3194	-2603
3798	589
130	593
1666	1387
4022	-763
6574	-1221
518	-99
5126	61
990	-213
4846	-1247
7782	-95
5934	-1843
7642	-371
2454	-491
2442	-1019
2842	-567
3262	293
6434	-377
1274	-527
4354	137
1822	225
3142	215
5794	979
3122	1173
5622	705
7702	819
1422	-1487
3642	-1825
3698	-83
4190	321
4514	-895
7594	-559
6782	-629
6446	1135
7814	1597
4046	-1225
6126	-403
6442	-39
7862	-655
7278	291
2698	17
2342	129
4146	47
9002	-193
5862	871
3334	-1379
8490	-269
1090	-1999
8170	-787
2106	-435
4322	-597
5778	-669
7686	279
9486	81
3478	-473
8922	-113
8294	883
6794	629
3802	-311
6374	1103
9442	-837
2826	-775
9342	-2401
4666	-805
7262	-1037
970	-581
8098	-973
8862	-649
8214	-1515
8706	377
8306	899
510	-407
202	67
7950	-195
278	-955
3342	103
7966	633
8986	1363
5002	-201
9234	-1833
6146	1791
4294	455
4842	17
2014	829
7386	461
666	875
1974	-377
4350	583
4506	-463
2018	-503
3430	-75
8114	87
9710	853
3182	-9
9074	141
4490	-359
5274	-495
8398	579
1134	-397
7746	83
5374	-715
7914	-71
5014	783
230	-285
8886	1919
9286	-607
5574	587
802	-531
7598	5
8362	-771
9874	-115
3426	-201
1334	-1637
2522	-853
8774	-1087
9906	-221
4214	1357
4650	-515
9870	-1363
5562	-197
422	-1385
7298	749
3962	-519
8562	-953
4254	1433
4662	25
2190	-737
7182	1191
2726	-703
3166	109
9834	-1373
7630	805
1302	-2065
2530	509
6358	385
5782	-535
8754	1219
2118	-661
3238	-93
8738	1529
8898	599
9918	553
2458	775
9214	-463
2134	-225
7530	197
1110	71
454	253
4018	15
9690	-389
2002	-891
6134	-279
586	217
4890	733
6622	-1099
7922	1177
14	1099
4238	315
8050	-181
8462	1573
1430	-869
318	-331
1414	469
2850	-297
5438	315
9570	5
1282	145
8422	1559
3566	-1091
3306	-121
3998	-511
9498	-425
7294	-1215
9958	-297
6330	235
646	-329
758	937
7150	661
7658	2359
3282	1587
3670	771
5206	-1045
1386	-265
58	2455
8394	789
9830	-1655
7234	1853
9790	-1309
7930	1049
2110	647
1714	-443
8286	-169
30	-143
754	-793
1262	1337
5938	-247
7678	-1475
8570	485
4798	-217
2822	-169
3294	-509
7282	-89
506	-559
7050	745
9850	229
4334	-757
2626	-7
470	159
7818	491
4814	-877
5282	689
3434	-547
1142	-389
8654	-37
174	283
34	-591
9506	831
1518	-577
2306	-403
9110	585
8530	-71
2378	-1425
8782	-1
1566	663
4338	-873
1682	-427
7090	-1737
2694	755
1226	-231
1602	89
3534	-577
2770	-1067
1470	1353
5690	581
3794	1733
9290	625
8838	507
5710	-195
4834	-227
4382	1349
6762	1251
8818	-1179
4422	987
1102	497
6122	571
662	-35
6994	1051
114	-143
1502	1
1498	-135
7382	565
8250	505
8858	-685
6266	891
4746	795
8406	-529
158	595
750	-459
5442	507
9542	-517
4410	353
1086	-195
6802	549
686	-775
3754	-33
5154	381
4162	807
6406	683
5038	805
6106	679
5050	359
5942	193
8334	423
7066	21
7186	-557
818	793
714	719
5882	725
2026	-163
6738	313
8666	631
4826	1061
1170	-779
102	-255
5434	1783
5878	-409
542	977
6938	1029
6626	-365
8914	307
9842	-11
5654	309
4010	729
1002	639
574	1925
6810	709
3014	-553
9026	91
66	97
138	371
9898	-317
3498	-367
530	1197
1606	-1085
3174	-63
1318	1125
1866	-375
3662	-1009
8526	1409
3726	-565
2310	-783
6846	-175
7026	-561
1242	779
1438	255
3842	-481
330	-117
6826	-1885
5390	477
7474	-901
6910	349
9890	555
8518	-2113
9122	-147
6378	123
742	1615
3170	-481
6398	241
4670	-515
8014	151
2570	213
7738	-663
5386	-1383
1130	-345
5918	-613
5610	-849
6894	1415
5730	-931
9238	979
8842	-765
8866	-275
1934	-705
9534	733
4246	197
630	-191
1270	269
9022	1413
5174	-193
950	-1123
7502	233
894	-1445
1590	5
7974	121
4906	-1287
8418	605
5530	-739
322	183
5842	-705
3070	625
2642	1207
3714	739
9826	-39
1078	77
4026	-303
7802	-711
4482	-1011
2742	1127
6534	-329
2878	-339
7018	541
6798	-451
2474	673
4626	-895
4446	1139
3786	-613
8830	559
2994	-473
6382	853
8726	327
3242	489
2986	-719
4314	241
3618	123
8166	651
526	1513
5214	11
1478	-681
1662	731
7622	-93
5858	497
9922	-1333
2614	-1753
998	549
7490	-1659
5626	-635
3950	-243
8630	-13
342	-1099
7910	-787
9538	-1085
9558	449
1114	315
4194	413
6554	489
8006	143
9426	755
4570	199
142	301
6746	-129
1990	861
250	1513
710	5
690	15
5262	-585
8186	-1365
8094	-1435
4138	1061
5686	835
1138	-635
6854	203
6978	-1511
5318	739
4962	-1067
1554	309
2046	-859
9774	531
3290	-219
2970	1187
9854	49
7370	207
7870	535
4114	-1367
6014	-783
8854	-813
2082	-1037
410	-209
3582	465
1482	231
8338	195
8266	-627
7546	-247
8690	-91
5382	109
5854	1069
3954	-435
7342	435
3654	-7
8634	1859
478	-187
386	-385
5586	-351
7978	-293
7102	169
7722	1469
8326	65
7178	1539
1734	163
5538	1043
8978	1527
9546	1041
5022	1045
146	483
514	643
4078	1273
9586	-341
934	-243
5298	-951
1570	213
4438	-1179
1162	1097
5722	-297
3822	735
3718	-365
3054	1609
6422	-861
8498	-599
8574	39
954	645
3502	-51
2254	149
5950	325
22	887
7998	-1171
3258	277
6842	111
1838	1621
6430	121
2266	465
5838	1137
3494	255
1910	-1619
9038	403
590	667
5266	197
6314	369
9930	-241
6634	-1091
7366	767
962	-1127
246	1103
4098	7
7350	243
3990	1365
6942	1401
6966	-613
2786	-599
8194	813
9178	1127
782	25
9174	353
5410	257
8122	777
9350	11
3150	7
1758	-313
310	-1003
774	5
1770	787
6086	-1155
1374	223
438	-447
5734	781
8938	375
5414	-123
9078	1221
3454	2189
602	-665
4874	-1031
474	-21
5114	113
4894	-823
5766	147
650	749
4470	275
9730	-41
1022	255
3042	-83
462	627
2086	-635
4030	-339
1174	-193
3514	249
4066	125
7786	535
6034	-819
4390	-1181
2122	1289
3246	587
2862	-79
9894	1557
8430	-545
2738	-559
5486	-1193
2950	-491
5238	-129
674	721
914	-97
1154	1211
4654	-899
5906	87
8246	761
8358	473
9526	907
9374	689
3410	-193
7086	-571
2562	-485
5366	579
286	-257
5714	-1495
9994	107
8206	1061
4110	405
5650	1777
2162	-749
5210	-1065
7794	113
5582	827
4990	791
5762	991
8402	877
2218	-835
6862	-191
7206	569
4522	-703
7354	-815
5142	1561
7306	-207
7994	373
6138	285
490	-961
8062	1117
8834	345
8190	-29
4326	185
598	1357
3402	-789
5510	759
3098	-761
7406	769
2282	-795
3106	-1449
3630	81
4566	-685
2670	817
1546	85
1314	-301
170	865
2038	15
5362	-379
2466	141
1742	-2413
2858	-115
926	-721
4610	1169
6362	1325
2414	803
2450	-247
3594	-2049
4058	909
5246	55
8450	-1027
4090	235
7302	-793
6870	277
7754	-67
5834	-445
1962	-583
6274	655
6686	2149
974	-317
6338	-131
4970	625
6582	1997
6386	1193
6614	827
126	-1551
2238	281
2502	-823
6630	477
5226	-553
1442	-455
3598	119
8442	217
1594	539
1958	449
2470	911
5470	277
8966	75
9138	-2241
3506	817
6170	945
4262	217
5294	-589
4710	-201
9194	335
1950	-759
6114	-939
1510	441
9158	-1143
1954	1161
82	-227
3486	369
3390	199
5378	1061
766	419
3450	589
4218	1747
222	-519
1394	-1113
4458	-1219
7042	-993
3510	545
1810	161
214	-627
1474	-13
2638	-1805
1558	-81
654	945
4366	-223
2126	-131
414	-315
3734	-1615
3550	363
6874	-1375
4002	921
546	1139
1650	-133
1382	-963
5138	-343
1526	-667
9298	-605
5890	1215
5454	779
8302	155
6250	1731
9146	-1965
9182	-689
5166	-921
3026	-1507
8742	-1381
9862	361
1986	515
3814	-41
7202	423
382	853
3830	949
8890	-583
9934	1869
5218	-765
6466	-761
2382	233
8974	1251
7762	-9
3446	-1089
6090	-727
458	633
1886	-511
9010	-1005
7010	1319
1902	761
6774	-569
6606	849
9798	-417
1018	-347
4250	-559
6062	29
4758	-909
6514	499
3850	261
790	1825
594	-867
4082	1407
442	289
3326	-157
4554	803
6690	-367
3522	303
4274	-197
9770	-1427
9998	-829
982	1073
6054	-1207
6682	889
8746	35
1798	67
6394	1547
9266	287
5546	1373
4634	-1289
1694	-603
8702	-75
9978	397
4914	979
6906	635
7158	-279
9550	417
4158	591
4946	-175
9434	347
2758	-35
3878	307
4202	-709
9986	-441
7458	153
8198	-793
5326	-327
2390	-695
5458	1379
8846	-543
9738	-169
1490	-773
6230	767
6838	-495
9638	359
8790	47
6830	243
4922	15
5666	-23
9766	-549
6198	409
9018	-1147
3682	-627
9262	871
3558	873
