7559	145
4823	785
4551	649
3155	-2103
5695	387
8315	91
4399	1013
3339	173
5295	25
4839	-1391
931	265
755	-255
6827	37
4667	-749
8727	-435
9647	1493
3139	699
9943	813
8031	-347
5243	73
6831	-583
1031	-1945
6207	391
5479	-23
7435	1633
2387	253
7603	127
1075	1495
3351	661
5727	155
9859	71
79	89
5863	209
3191	-203
7931	-103
2787	103
83	-1799
8291	1423
7035	299
6851	5
9795	-1267
735	-261
423	-881
1567	1241
4735	-395
4951	-271
6755	-37
9735	-49
2439	-175
6435	235
831	1591
3963	-1909
987	-721
759	-279
4163	647
5935	797
7847	1563
2187	-319
6531	745
675	449
1319	1233
5055	1279
8571	431
491	-509
4671	-965
9387	291
359	-1023
1155	57
7071	361
791	-689
1431	43
1187	-549
9091	-63
2175	-761
3703	-1099
2819	-133
8179	515
2591	561
7083	1401
4915	1269
7439	-1847
1175	931
6087	-689
8539	-487
4779	463
1623	-1131
7951	-87
9819	1129
9211	-133
2059	-147
1243	583
3067	-1365
7751	143
935	-615
2515	1145
6911	563
7043	413
7975	-1031
9451	-967
2507	-1175
4791	-39
8479	-573
9511	447
4435	289
9799	-815
6387	75
727	681
9035	15
7039	-841
219	-525
9987	-837
9631	-1023
7307	145
5339	921
3051	239
3655	1075
7959	-841
671	1387
3971	867
2891	-47
1135	15
9739	1283
159	-355
5487	-623
4103	-9
2571	641
9643	983
4807	375
3519	181
1795	-723
8423	1863
559	293
1799	1313
5519	605
5443	887
163	-2177
3879	361
5283	143
487	-637
7191	-1273
5743	1455
1123	-811
2079	1367
8195	-201
9707	483
7271	-291
7843	-1493
5331	-61
635	2045
9607	453
171	209
5755	-593
2739	-1297
3983	-387
6975	909
399	-429
3435	-113
8559	93
8839	1013
5499	255
8467	669
1651	599
1207	315
9615	625
1603	-1035
1231	-563
9731	409
6279	-553
4063	721
5147	-1395
8011	613
5851	1065
2671	-1715
299	-413
5015	299
5379	1391
9327	525
539	679
3575	-57
6231	-227
1139	-323
3095	977
6039	1189
4403	225
9155	-515
1959	-399
6667	25
3823	2787
8151	-263
6455	841
5171	633
8623	-1203
7507	477
5719	741
6527	443
4983	-1009
6783	945
1227	-219
5943	-543
5655	685
8767	901
7019	163
8399	-569
7583	-37
1163	-517
9331	1057
435	385
4759	-709
6983	-989
2043	-223
6243	-889
7183	-17
7227	-501
891	-987
2539	-211
8035	-1175
1079	197
5691	483
8947	9
1095	343
8751	-931
7783	-271
4559	-943
4647	327
7723	547
8135	-497
9931	-391
9991	-233
151	-17
4815	-817
4499	677
4743	455
8923	517
9687	-895
2055	-497
1375	-479
639	463
9791	-601
1771	1
5571	23
6127	111
5919	823
6923	341
8675	1003
743	-241
8943	-545
6823	-447
6887	1899
3719	163
1915	217
6371	-63
2907	573
583	-451
1899	593
5247	85
2343	-501
9491	327
5103	549
6811	239
9479	253
5635	301
8251	-409
7031	339
3799	-1079
7223	365
6615	-1841
9711	-333
2167	-739
6119	691
391	-1111
2447	-881
8763	663
475	-1659
9959	-627
1259	-375
7823	-299
9279	799
2259	-687
2575	1169
939	-1049
2883	-401
9487	631
5559	-289
2095	123
6719	-1097
6639	-403
9139	-485
2475	95
8635	-149
4855	1421
8771	-941
3955	-213
6675	645
4459	-481
7871	-455
2203	17
9979	-877
4575	-877
6011	1089
2971	1673
1803	-353
7155	713
3779	-51
6399	-533
5735	-705
3531	-1119
6775	217
1147	-1803
8363	-545
6543	-617
4567	-1189
3371	855
3871	745
5003	853
5591	605
1527	1393
7563	-325
3255	-1325
8911	609
3215	-2047
2051	-123
9911	-789
2027	-1517
1871	-271
659	-65
2331	-1121
4643	-1171
2427	-937
5707	505
6711	1435
2863	1075
6991	833
2119	-719
4363	5
5731	-257
775	881
3683	-1499
3063	-1357
4595	-713
9039	-805
1971	-3
6015	1253
2035	221
1583	-119
9743	521
1199	-575
2195	1255
851	655
9463	375
9699	471
547	171
4031	-165
5951	-11
3259	681
1823	693
6215	669
1551	-123
711	-493
3807	-137
5139	1519
2143	37
263	251
4947	-1501
6251	135
5467	-443
1563	-647
3347	-195
4751	1085
3527	-103
4495	2217
4319	1211
1671	377
8487	-285
3891	-833
7487	233
9611	1025
1055	-507
5703	-497
7811	625
8831	-1073
3555	-347
6135	-405
2767	-21
847	-443
351	-221
3695	663
3411	-923
2827	115
507	859
2271	321
3911	115
3543	-289
4619	-1009
4451	427
2763	-225
7151	-333
9423	-435
7207	775
8495	-243
8791	-729
9267	1521
7655	695
3923	-735
4571	-755
6167	-237
2383	1547
4091	-2033
6271	1077
6159	145
4819	-809
9995	-627
5659	1381
279	417
3263	173
9679	-333
5063	-17
3991	-807
9747	1011
1007	155
3011	491
7863	1247
1727	273
4767	-419
9239	889
2731	773
3975	-255
9227	469
9159	-743
7879	-339
6079	401
91	777
2551	31
8047	1467
5623	333
6735	31
119	-75
3463	1027
511	-63
7979	-115
1023	1601
1867	875
3099	-173
3639	467
5903	121
6979	-533
883	915
9303	-705
1291	1153
9099	-89
7087	-2501
6071	-805
999	1229
7187	-1011
8907	981
4127	201
1183	1043
1811	1127
3599	565
1063	-115
899	421
1267	375
7711	879
6855	-1473
4427	-953
4911	891
2311	185
1863	-909
6391	-591
7295	-199
295	255
8123	-709
1303	-665
9879	527
8383	837
7803	-1511
6331	-417
3275	-567
7179	-369
723	623
3859	715
6351	-753
7203	1007
7327	1283
7515	1085
5335	-1209
235	205
2303	1051
4111	-241
7531	1373
5399	1175
9971	-25
2979	401
1535	459
5587	-1317
9399	521
5023	-705
9375	-335
2531	-87
3359	127
8091	47
3967	849
8967	-361
8599	-1301
3715	-849
2131	-93
1639	-917
8219	-505
5035	331
6999	331
2083	-79
4059	-565
4491	-217
9003	1017
4611	243
4479	-237
6919	-1445
7367	495
6367	-541
8075	-41
783	353
7991	-691
3439	937
2651	495
7235	-411
5099	-291
2407	101
4123	467
655	397
4387	2261
3551	-863
7103	-1685
5115	-465
6767	153
2559	31
167	285
7599	-1437
6883	-889
2391	-475
9863	455
3127	-211
8039	-767
1051	345
4507	-2107
6067	41
1411	3
1539	701
7943	725
2939	463
8879	651
8871	467
1351	-1047
6683	-969
223	467
3471	-399
7267	823
9655	-667
7799	-841
2423	1475
5667	1393
6779	993
8027	-897
807	-1733
3427	-43
8743	-913
9767	-1203
9515	-1095
4999	1101
383	-447
3567	103
5155	-837
6291	531
4175	-307
2927	643
3239	-1109
1299	-977
495	-171
7059	-383
2919	-507
8663	-977
4183	-137
5119	-323
6059	-635
8535	413
8335	-631
2687	-655
2359	247
8563	1353
2455	-305
1395	747
2283	-125
5915	-1085
8347	843
3667	-159
6619	1339
1991	1011
4847	-247
9559	517
7111	1159
7079	-171
1263	715
1571	-929
2743	-433
407	1257
927	315
1751	377
5011	651
4051	541
9523	-789
4271	-489
179	433
9543	1423
983	-1143
7403	1583
7319	605
7243	-187
3459	-461
1955	-1629
4155	-121
8659	191
951	811
3235	385
2635	-1417
1783	-1101
1655	1825
1703	-551
7831	-455
1423	173
7431	-489
4747	-979
6463	343
9199	407
6931	721
7571	-37
3419	-455
6411	731
3107	309
7971	139
5407	-947
5031	-1235
8639	799
4299	-273
7259	1021
8643	2131
451	863
1831	-613
3751	-145
1907	841
6695	-811
9603	271
9567	821
6955	905
5539	-167
7299	633
8723	-229
4355	-1459
9807	-367
4871	133
715	-645
403	1227
3303	1329
5111	1261
815	-443
6583	-1345
8527	-133
9947	-1447
9063	-1221
6303	-51
6287	215
5363	-35
6727	1279
599	-535
855	275
9771	-159
2159	-967
1099	861
3195	1069
2487	253
8919	849
6307	-93
8115	-461
5471	-237
375	-347
8847	-623
835	-1273
127	851
1399	-501
3123	545
6183	21
9483	141
9551	471
2263	1217
5307	-415
6211	339
6587	-823
7495	1393
7639	99
863	-395
4371	807
1843	687
5595	1043
9095	609
5795	349
6859	-149
4899	839
3071	1409
6935	611
6095	453
3999	-779
2147	99
4739	1369
5551	635
1531	1455
6595	-793
7727	-521
3491	-315
8707	-467
8171	-179
3863	-597
8331	81
327	1543
6747	1173
5007	635
4099	215
3379	183
9223	-1255
5083	-385
683	-1007
5351	-853
1891	-427
8783	-1039
6967	-789
2071	-477
103	531
4247	699
4315	921
4071	-457
7107	-301
2067	871
4075	1813
343	-297
5207	-199
7251	-461
23	183
1979	-89
3131	-299
5599	503
3	1301
7475	-685
3287	107
9855	-1741
9431	-781
5751	-1005
2019	445
7827	1035
1287	1197
5711	-83
5299	-363
9255	789
2975	765
9623	601
2031	117
1967	23
2363	-513
3199	-707
2467	185
567	1261
2463	-69
5107	-163
7491	385
843	389
5907	-1193
9695	1973
8887	-1289
7763	1133
7419	1327
5075	139
4463	251
555	1483
1463	173
3595	1055
663	-223
7003	215
6179	459
7891	811
7423	-793
8519	-539
27	-717
2435	-101
2855	-329
4023	-477
5991	1051
6843	123
8579	1585
5947	633
1047	419
751	-599
7275	-889
2579	-95
6687	31
3331	-267
5019	-17
6891	1637
8587	413
4803	-1263
311	-137
7263	-215
8143	-109
8491	-145
7163	539
9851	1131
1723	721
4107	259
8131	-507
1027	233
211	-153
9547	655
5087	-421
2851	1615
8963	-141
6255	-1031
4239	1561
5199	-2283
6027	217
4731	1473
4659	1221
3559	-1053
7067	-1453
7463	643
8975	-141
8863	-1147
5311	-101
2631	237
6075	-593
4215	-253
9047	-131
3619	175
6871	-901
7819	-235
8819	-1641
3167	-141
6007	-229
7283	-105
3147	-1305
6315	1393
4531	285
8951	-827
4863	-593
2319	-371
779	-927
3663	-575
8231	737
6099	739
3803	1619
9115	59
5259	2109
6707	-753
4519	359
5955	277
6147	-1219
3635	-57
4471	-231
615	-1747
1767	575
6895	-1637
8063	-211
5939	-265
9067	-1591
5263	311
9575	375
9127	133
9691	991
5343	571
35	-615
5039	-801
5843	175
2655	-1237
2171	129
1999	3
9355	483
5523	-537
5747	-1945
6699	473
7755	881
7239	-447
7743	-1001
2947	-209
9787	-163
7339	-1365
5355	-959
2379	-683
8619	-59
3143	-735
7331	645
5423	185
455	509
2139	331
4147	9
691	117
2779	1755
5375	-851
75	1987
7747	-541
3179	-111
7867	-517
5231	377
7643	-395
9319	999
5615	369
4303	947
1331	101
5555	-327
6267	893
6971	-1161
5679	-431
6515	-79
9667	599
9247	-559
6903	161
9371	-279
8775	-1583
1595	-157
9391	-251
803	949
3003	799
5663	189
1143	-155
1859	-923
6607	319
2227	661
5439	-71
7915	169
7619	-131
7767	-233
9555	977
6471	699
307	-603
2643	-615
7935	-167
4679	-633
6155	-173
4359	-587
8511	-541
1995	1213
703	-761
3023	259
535	1813
4959	345
4283	1327
9847	-35
6523	-673
3795	-1357
2931	-95
7615	279
6951	517
6503	-1445
719	-77
7815	2093
8679	-383
2659	5
5619	-367
9287	-725
3839	661
6519	-173
7775	2507
8671	-61
5931	-65
9315	381
5275	-483
4787	1037
515	-253
3583	563
6875	-489
5979	-529
5583	-29
8419	-695
8703	-777
2843	-369
3111	-1181
4691	-183
8547	3
3591	909
9167	-1841
1311	845
2339	1771
427	395
9307	163
6655	563
1615	-521
1059	-877
8899	-823
1195	-1193
5699	-973
1427	-109
2403	1583
187	261
2675	-1455
4083	279
7255	-453
6047	83
2155	1277
3367	-917
8247	1037
9379	-199
4627	-1053
9175	825
2015	53
5927	-89
2735	439
4347	-79
7687	-899
143	-497
595	-681
2599	419
2563	225
8407	-367
5131	-35
439	175
5823	49
8735	-835
9231	1149
5483	1091
9883	469
8163	-101
8207	-557
9843	-159
5091	727
7247	99
8827	331
111	-895
2623	379
8615	343
5811	321
4891	-707
7387	165
3267	-753
8483	-1209
8667	1505
6679	841
2491	-305
9763	-1093
4579	-127
2583	-301
2699	205
8055	763
7355	13
8875	-1353
1447	385
2807	-1069
6567	353
8503	-1033
7679	-1173
4919	765
3387	123
4935	-205
6359	-51
135	485
1927	-107
4395	81
4655	-199
2723	483
5515	309
3399	-607
2275	955
9703	1235
239	79
4011	567
867	455
3175	309
8411	-519
7739	-1145
1111	531
1939	937
2307	-85
531	-27
7175	-1685
1683	123
563	565
4439	-1787
9171	1343
3403	-19
5883	919
4699	-137
6703	-137
43	2473
7795	239
7091	903
4379	-1315
1131	-507
4279	-1379
6791	373
995	779
5391	1093
6247	341
3815	701
4875	-471
5627	-15
4979	127
2287	425
6379	1349
6559	-107
2647	1085
5127	-371
9119	-421
8855	735
5395	943
9439	-529
1211	641
5287	427
9775	187
3843	47
8099	-697
8155	607
3271	-1091
6203	731
4811	1057
203	149
7607	-157
2443	1045
4151	-1581
5447	-867
8387	-97
2419	-431
1839	587
1631	1115
3711	-1133
8807	301
1779	17
7699	841
7211	-2561
9583	-219
5327	-507
4967	-1127
4583	-1229
7359	437
9271	1053
4527	-1363
1439	977
5495	-529
7611	71
6295	1243
6863	-79
9827	31
6347	287
1519	-505
9467	1763
2399	-335
2639	507
5739	-579
3615	1047
9203	191
9779	-477
5411	-1353
6427	-77
7543	-1737
463	-557
5651	1659
6299	531
8415	-1885
2223	1619
8271	1169
7131	-489
5887	-317
3987	247
8183	-1973
4199	29
7199	1215
8779	727
5219	497
8355	1
2547	-757
4227	-2075
8591	-183
4503	-1279
8067	-209
5051	-515
9367	-79
7567	27
9059	769
2535	-537
1247	-551
955	547
9259	1019
7555	-471
9671	665
1067	401
4631	173
6575	255
3959	-653
4035	953
9323	-211
7551	-659
8971	-811
4307	-91
4963	-723
6023	563
5367	359
611	-751
5547	-1017
1403	547
5639	1017
7939	147
8187	211
2211	-519
9955	-1295
5803	29
1895	355
4003	-621
8759	635
1283	259
395	1415
6115	-541
2431	347
1675	1027
2603	-45
7511	383
9147	-659
3159	363
67	-61
9419	-955
7535	675
2783	403
4835	393
4087	157
2087	-529
9635	523
1719	-117
5059	483
107	2351
1647	-957
6647	-177
1275	947
2983	-235
6195	237
8283	237
8687	45
4651	505
8895	681
9459	587
4335	-1113
8367	753
3699	-709
3431	37
7883	-51
7171	1687
9395	-511
3503	975
2003	-2113
739	-101
7159	1337
6171	87
9383	499
4719	-79
2967	-1207
7147	-1207
