4904	-1487
7532	919
3456	205
7608	-191
7184	1773
912	-893
5384	1661
6644	-889
7688	-1301
204	415
956	-25
6332	-881
4992	553
9384	617
6028	-1233
6568	817
4224	125
160	-1125
7948	733
1780	-495
5832	-1327
3932	991
7548	-1507
6840	-347
2664	-2129
3336	-299
548	345
8872	-627
9100	-393
1732	789
5796	-1191
2092	-1133
6648	447
1716	547
5492	-1017
2912	519
1280	1267
9084	-679
196	-147
1816	-823
9904	761
3568	217
1144	21
5204	-1231
4156	-751
9364	819
8032	1231
5648	1119
4424	867
344	1005
1320	203
1344	-681
7888	-625
3500	-1537
988	639
2360	-681
7284	-765
4632	481
4864	-271
968	499
4128	503
9688	2287
1940	-1843
8348	-329
1556	531
1800	-181
2744	-1213
7572	-613
6472	-1621
7632	-481
436	-41
9168	1407
6736	-1389
8696	-259
5688	603
3520	-583
5920	561
7624	1423
8836	931
2588	65
1044	381
9752	-683
4688	1117
2648	115
5124	-1209
3696	345
5420	805
8048	-601
7032	-1167
1300	245
2976	-263
3980	-489
796	1001
9468	-711
8420	-1277
316	-803
8760	-217
3304	351
2368	-1609
2724	-895
4608	-417
5964	15
9432	433
8172	-579
3328	-747
5908	833
2332	145
9768	-183
5248	377
1688	1045
2004	-819
6592	459
5028	293
9428	-65
4612	1601
5016	271
7772	-1205
1228	-1171
496	-123
2080	487
1132	-607
1792	201
4772	-1025
5872	-2177
2928	-937
6960	729
156	-313
1608	-745
2132	-1127
720	975
5252	-297
4092	1119
2824	-165
5112	5
6096	-719
1488	-737
6344	353
6284	485
4900	-383
7228	-763
4220	-41
6040	-43
7732	473
6948	1205
6980	-181
7352	-287
5300	-935
5064	373
7012	377
4020	35
3380	-179
7268	-1549
5084	-857
280	557
5176	81
6480	551
4480	-1081
1004	2717
6704	469
5260	113
1992	143
9772	-839
5952	535
2752	-1529
8108	535
7628	299
3236	-3
6372	-191
2288	261
9312	1175
7792	51
348	371
3524	-913
4540	987
8588	-827
5812	-11
9080	-45
3220	295
8436	13
744	-1505
6552	-497
8924	-537
5940	-1945
4288	-887
7196	2593
1268	-1313
8572	61
8908	-1087
8072	-945
8112	1897
9412	-1621
288	-237
2452	-195
8488	-191
3416	361
6608	377
8480	811
100	197
6216	297
8968	395
9536	-355
5916	75
300	-345
5728	511
2696	1969
1988	-1739
4944	-227
6228	201
3644	-671
3360	-515
532	-355
4120	-623
9292	505
8592	39
5228	357
1196	-213
6956	-21
7100	-857
5100	1127
6144	81
3168	293
1216	-49
2688	-21
6304	-1249
3412	1929
6292	995
3148	-315
28	589
6244	523
2312	1069
6696	-683
3196	855
9760	-119
6920	655
5972	319
8408	-279
7760	1047
8260	-965
1232	577
9356	-419
3796	89
5336	1289
2008	1149
1252	-7
8248	-319
7780	-2127
3904	-185
8788	1469
1288	729
1660	223
7488	67
1024	955
6124	-1421
8616	-1153
7756	161
9780	403
6536	1315
8728	1233
44	93
4208	-199
3264	9
6844	-487
8956	-523
8476	-567
1576	909
5784	335
5740	-231
3156	-377
2112	1697
1448	451
9440	-751
3408	-151
396	-771
7224	-383
7908	1081
9004	-373
2800	1009
3012	-2775
20	2329
1788	-915
3040	1059
4756	971
4192	1081
5628	1231
9704	-347
1580	-1675
504	-427
7324	1167
6928	-499
3248	-783
9668	39
6612	-305
9148	-1111
620	-21
8412	-343
60	-79
6640	-2013
8796	755
5840	-935
5092	-1343
8040	-935
3752	589
7248	635
4132	991
4976	357
36	1469
7656	617
7428	-529
4012	931
4368	-237
1952	477
148	473
3444	17
4416	393
4520	-393
3244	-529
6752	-187
6544	-1127
8748	543
8400	333
560	349
9192	-1421
7288	127
9736	-305
6500	-239
8860	1963
960	765
6864	-337
5048	-659
580	-701
8620	-283
5888	819
8808	-1333
3404	-39
8336	-471
4300	1167
8792	575
1876	371
4280	-87
8312	-749
1752	-539
452	-187
7344	333
9680	711
5188	-71
420	-401
6476	-531
808	-671
3024	371
1908	-837
6368	-965
3324	-707
7240	-1157
4364	-469
3636	-419
3472	-433
9528	-117
4348	411
1848	-565
2540	1297
3092	99
8116	-905
636	-1251
3708	1327
6560	-903
96	673
9052	-773
9912	1783
2424	-505
4956	111
6016	-735
2280	-647
2804	305
4868	-881
2756	331
10000	589
92	-1199
3808	1125
4160	213
8388	-435
72	-335
1324	849
5776	1593
4336	-743
7820	1597
652	-105
1852	1391
2748	407
76	469
9624	-713
5348	-423
2420	373
984	-1093
5000	655
1420	1859
8	1551
8832	-945
9932	-229
1124	-917
7912	-103
2968	-1339
3824	387
1772	753
600	-427
6012	-803
9940	245
8100	-505
4512	-813
7768	-7
1996	-183
3940	1037
4768	1565
5372	395
2760	239
5756	-1119
1920	1015
5752	1181
5800	249
7004	-445
3104	-989
3504	123
9140	439
4376	-3
616	121
8784	-421
4564	45
6080	283
6356	461
9448	1359
9832	-75
2128	953
872	-1039
1396	339
5332	-295
8428	-1801
176	-799
3648	-213
2628	-603
4320	1555
5864	891
7092	345
9960	625
8464	-209
2840	1473
1972	419
4788	1161
5892	143
3108	627
376	-1261
8276	-1435
928	-125
2640	-1743
2296	-43
4816	457
3312	-305
5272	-567
5292	669
4532	587
364	-683
6044	163
3972	609
6024	-813
8064	-203
4636	-1899
7704	707
4436	-301
6604	797
2228	415
2380	-375
4448	-503
6288	387
3852	1065
7320	-775
7524	-109
7880	1303
8184	403
1832	-71
6800	691
484	655
4704	513
5936	685
5416	-231
7296	45
5304	-1229
7084	289
5644	-361
6596	-9
1644	429
3680	-935
5992	-1301
9892	45
5924	-177
5948	-99
5008	101
6812	-99
6328	489
1860	-1105
5480	-615
7368	-311
1744	-1065
4164	-659
5768	-791
8556	151
7460	227
7868	1517
1980	-313
7832	-277
7504	99
8044	249
9352	-351
8608	565
1224	-771
9048	75
3260	-295
1784	545
9764	15
1676	-105
8224	2151
6540	941
5360	121
8628	-773
1912	-37
2496	227
2580	185
6504	-1285
2536	257
8468	-1125
4500	2541
2932	-509
248	-549
852	-371
9460	-1223
1760	1091
2408	449
1064	-549
4720	473
5580	865
3732	177
6296	159
3756	439
756	-1353
1508	-461
6436	-1119
6932	-1285
1844	193
9504	175
9648	-227
3392	-263
1692	-1889
8828	-1591
9552	47
2336	135
8508	729
1072	1701
8816	2059
684	-1065
4604	887
7916	273
9404	-881
1208	-35
1388	463
3908	-419
4560	405
4932	569
2920	565
3688	-71
6588	609
3936	157
6748	-871
272	37
1584	305
4692	585
9252	-1837
4668	731
9608	-1679
3292	-163
6252	521
2056	1721
8752	-385
9348	-409
2680	-759
2284	1509
2344	-301
3044	997
1604	-379
7404	143
1380	1181
3668	-741
3656	-691
6256	463
6856	-1279
328	-383
7108	1157
1924	-829
3232	769
800	495
2212	-373
7664	43
5280	-1011
5012	-541
4252	-313
648	-593
7316	-795
5476	473
4340	-255
5232	-59
7056	-2151
8724	-695
6624	-1047
5748	-365
5904	1539
6132	-9
596	-55
1648	1607
9420	-709
6992	-1883
6000	-309
1180	-19
7892	-1625
8700	-31
8240	317
9232	-1303
8024	1057
1292	-255
4872	103
4616	-1941
6492	-789
4644	-77
6432	-471
1212	1105
5424	-359
6744	-1649
8888	-505
8560	-711
3764	839
772	-957
752	97
9068	563
1900	353
6220	441
2892	-885
6440	-145
7700	-187
228	923
5144	-1075
7432	-175
2716	-73
9328	71
4116	467
8272	-1671
7812	737
696	1265
2108	1505
8692	-181
6688	59
2712	-889
9724	1069
3896	-531
9664	301
784	43
2732	-883
4036	-153
5504	-1005
5676	267
1296	1525
4060	-1417
8204	511
4656	-77
5236	-133
6092	183
8576	523
9092	-711
252	1267
2604	-97
9568	-1433
4920	-843
688	-863
6152	-351
5636	-735
592	829
8984	-1241
8284	165
5788	-63
3484	539
740	297
3516	-485
804	559
6828	-2033
2792	1571
2768	209
1424	-433
4452	-371
7592	437
1100	135
8220	401
9984	-691
5044	-1033
3452	-625
4940	-1415
2248	629
5844	-657
2668	-925
4588	543
7860	-563
7824	1633
2956	681
8156	-543
2544	-1037
3792	55
6712	-199
9064	-807
8484	-163
224	-571
6876	841
1200	383
9040	1185
1916	1117
2700	603
572	-157
6464	-297
8920	-243
1472	-1523
6128	693
1624	-1297
2992	-191
8820	-995
5472	-281
9964	81
312	1907
1888	779
936	-625
5536	337
2012	-301
456	1031
1492	411
3020	-1191
3388	99
9132	-787
7360	-235
1728	601
9260	757
640	1259
6896	683
2876	199
3492	837
7984	-353
1516	1141
2720	419
3724	-75
2324	-245
4236	-769
8152	2009
2612	-1119
116	-421
1708	-921
9304	409
9576	-421
8684	-155
4712	-1795
1620	-75
8600	919
9444	117
6556	805
7660	297
1720	723
9036	185
9564	645
4848	871
6976	847
1804	-37
2356	-575
9380	1323
5448	-1013
3124	-495
4432	375
3860	191
8940	-23
2160	803
8008	331
7672	-1099
8376	447
8812	-477
8440	1427
4324	-529
1220	-357
1352	-1083
8088	-375
9244	697
7200	-915
3572	-105
676	-19
2852	-839
9776	883
3540	-635
1408	189
4144	-283
1600	107
4332	-1791
7728	1105
4764	13
9696	1929
9956	-319
9620	83
9124	79
4524	-247
2100	1545
9644	-305
5468	1461
556	1775
5180	175
1768	685
4248	-355
2308	-325
6756	-655
9228	713
9916	343
896	1099
8232	1555
4100	-219
760	-633
56	-1217
8076	1441
6272	-1173
708	691
8632	1849
6100	197
5980	-581
6656	-479
9944	465
8900	-1153
4112	1055
6968	307
768	-719
6048	541
6584	717
7384	-497
5760	-1281
2532	-95
5308	-511
8176	893
440	-263
2484	447
5856	427
80	-809
8880	-1713
2384	-1039
1048	-249
1436	-1075
4088	291
5868	-355
5396	-677
7072	-661
7936	977
9880	853
9692	113
8300	-1415
8168	-127
3584	221
6396	273
2888	-3
4808	-285
7000	-1767
2740	507
7884	-747
9320	1973
4176	-1373
5976	-1635
3256	-695
200	519
5020	-87
1440	127
7040	1521
7620	33
220	955
9496	221
972	1379
2728	273
3152	383
1756	-547
1240	-1791
2552	1199
1748	205
1836	-687
3840	-607
8932	-1615
8540	1331
6620	1759
8380	-729
4980	-419
2428	171
1512	627
4836	1249
9408	759
3596	921
5060	-367
9860	43
716	697
1464	139
4068	-487
9184	489
108	-1241
1256	-1293
1384	393
2024	537
1524	545
7684	527
2996	-191
4800	1635
6232	421
5836	-1799
2260	-143
4708	1009
5128	-251
2148	-307
3188	-225
5540	451
7208	1953
3580	-2049
468	1595
8140	935
3028	-75
7144	-329
3948	1381
7804	-383
6300	1837
5488	215
932	165
9796	503
2556	-379
6520	159
2596	847
324	-1819
1868	-1335
320	-1387
6360	2179
9340	-455
1976	-115
24	441
7412	1253
8544	-23
6392	-655
2848	-573
5660	-543
1060	-23
3532	-567
5704	-785
4508	57
628	825
7464	-183
7716	51
2960	495
3704	-799
5032	357
4544	-1139
3772	1667
3420	-265
9488	-13
9816	435
3208	-199
1096	-79
3320	-739
136	545
8208	1171
2372	443
2392	-377
5088	657
4384	11
524	93
4760	21
5588	171
3816	-513
8992	907
9272	639
9720	1377
6020	-1153
6576	487
1664	-925
7840	1101
7348	-299
4196	123
9572	-669
3780	1223
6264	-653
7744	-481
2492	-543
1428	-1793
7876	35
3512	105
4792	-883
5220	-71
6548	-245
8584	1469
6348	-1077
9436	519
7068	-361
9476	321
3604	-393
9988	457
4080	-1015
6352	789
2660	149
3016	749
2636	-715
1896	-345
2952	569
3048	197
1564	139
2736	821
1700	1837
2016	-405
2772	1419
9268	-625
1704	1045
7104	-307
9788	81
8448	203
5700	-563
3268	-865
8668	293
7484	-1389
7304	385
9316	-73
8164	763
9948	665
5828	-71
6072	513
8596	-1431
7276	-821
2028	401
5452	-129
2472	-97
4516	-515
1864	405
284	143
1956	-239
4040	-643
1672	959
6120	635
3828	1271
7896	-241
8552	-1009
516	213
3036	-259
6652	-309
6200	-1139
4372	-539
3308	551
8780	387
8188	915
7272	-1763
9296	423
4468	-191
2124	-2251
380	979
132	415
8944	953
5268	-739
9684	2753
500	915
660	913
4728	429
6888	-521
7164	611
2152	347
6164	243
2404	621
3004	-53
7472	-663
9508	509
6320	-815
2900	-591
4264	-1143
5072	2243
260	-173
9104	-415
8532	1469
5052	-69
6276	419
9612	-2287
4052	1959
3352	955
4696	-229
6448	401
6924	-1301
8056	-513
5436	-1021
4056	-757
6248	965
2076	569
2828	131
4576	1557
904	-1537
4916	1433
1008	729
4700	-1981
1652	-943
7788	-969
624	693
3216	151
1364	-919
6460	-403
4648	941
9976	-973
4924	71
8648	1095
5356	-391
112	1421
1284	1359
1612	1155
184	-27
1412	-433
632	-341
1476	-77
2512	-205
3640	-1029
4488	365
544	295
5744	651
5672	751
2084	-1647
6036	-355
7448	-435
4412	267
6528	-533
2572	-447
6984	-607
832	-171
4004	-855
9156	-1387
5520	-89
2656	449
5808	-173
1520	-1057
7140	537
7516	1149
8976	861
2784	-75
8568	741
6816	249
7964	-577
3144	-395
4988	-35
4216	125
3876	563
3204	-279
3952	813
6380	357
472	-177
9400	-2177
2568	-107
4032	301
5388	-1047
8332	479
8364	747
8840	1285
3376	1453
1572	351
4572	217
2832	-747
4556	277
32	-1359
8104	71
7676	-1789
4268	-2203
6084	-1013
4316	471
1164	-747
7692	-409
6740	399
3868	-349
7748	-701
4044	-369
5792	1161
1432	-295
8136	-2371
6776	575
2292	-175
9180	357
9996	441
3684	365
9900	349
4620	-569
1568	-23
2624	-159
8016	-423
668	-913
568	429
2268	-929
2440	-571
8080	-1165
2208	-597
9204	-685
3628	119
4624	-849
9344	-1189
9920	-5
1712	1913
5276	829
8404	-49
5668	-1665
2096	-699
1000	-1181
6444	-351
2400	-345
2044	-407
5024	251
2072	1301
5696	127
8744	-857
2652	443
7644	883
3920	-23
8344	-759
792	1521
3660	-63
8216	777
3464	-1241
416	-443
3100	-71
4308	547
6056	-9
1160	437
680	119
4676	-759
7920	215
788	415
9800	-1423
1444	-985
9756	-2383
7852	521
7776	617
4084	-1697
5820	-2083
1460	-305
2264	-927
7976	-77
8316	1345
880	237
4492	1749
604	1217
3676	835
6732	1
9708	615
9876	-1563
384	559
5724	659
7736	1059
